0.000000000000000000e+00
5.214806605473028918e-04
1.370435717601224462e-03
2.718521838788724894e-03
4.788369971304273776e-03
7.801476492646015892e-03
1.183568347794192524e-02
1.666465738559079826e-02
2.123469776926614414e-02
0.000000000000000000e+00
-6.355569711148324405e-03
-8.760929738844088974e-03
-9.259801564317890823e-03
-8.720475256330692884e-03
-7.540149771597619462e-03
-5.947613109537975944e-03
-3.987248698652574690e-03
-9.653909956037931995e-04
0.000000000000000000e+00
-6.030452074426827062e-03
-9.238380813601116195e-03
-1.064139414957274675e-02
-1.101761904311105399e-02
-1.079358501748194435e-02
-1.013201394206884529e-02
-8.852051737397703332e-03
-6.047409093843428805e-03
0.000000000000000000e+00
-3.464866708443869580e-03
-5.547903838126546326e-03
-6.670554816473424006e-03
-7.109047554921896911e-03
-7.027017669216554553e-03
-6.404593195586763023e-03
-4.935100354086045631e-03
-1.984083696457180756e-03
0.000000000000000000e+00
-4.774107100774173547e-05
-1.380074870044336287e-04
-1.809597651269446441e-04
-2.190167514079618716e-05
4.962660218185278686e-04
1.584947657422647966e-03
3.602010152588666636e-03
6.802774895522076780e-03
0.000000000000000000e+00
3.459219288289058780e-03
5.510223757876039560e-03
6.793712527056505572e-03
7.848999423393726929e-03
9.105240998346621206e-03
1.090542416166747491e-02
1.358990280858674016e-02
1.705570477678341676e-02
0.000000000000000000e+00
6.215469647882697520e-03
9.837628914318684303e-03
1.212203684260217303e-02
1.397115178932831735e-02
1.602320936629184414e-02
1.865546834460436731e-02
2.206943245059549141e-02
2.587264606039686027e-02
0.000000000000000000e+00
6.629141843052336128e-03
1.025519405009475520e-02
1.261646362132295106e-02
1.478566229372286177e-02
1.747983919199038588e-02
2.110096407956148570e-02
2.555507871337140899e-02
3.012003361008463304e-02
0.000000000000000000e+00
4.858372825884173241e-05
8.541690994288590267e-04
2.131259695242003656e-03
4.058424401442409409e-03
7.047119933148720747e-03
1.158375302952096599e-02
1.817040190827612020e-02
2.567643487658056653e-02
0.000000000000000000e+00
7.076448595045845003e-03
1.062195880858518397e-02
1.286161337350704044e-02
1.494080744869943390e-02
1.754928534687866248e-02
2.111632437352537264e-02
2.587060034302691297e-02
3.117953179281068507e-02
0.000000000000000000e+00
2.577051360336830160e-04
6.167151319361206590e-04
1.093762843600173734e-03
1.754601792147467143e-03
2.661451838110019761e-03
3.885416212111635157e-03
5.636278552988578314e-03
8.600337835574558762e-03
0.000000000000000000e+00
-1.164104319929533610e-03
-2.541169987170036493e-03
-3.245203319637533779e-03
-3.582251511086392663e-03
-3.705069348804332710e-03
-3.563223607585847864e-03
-2.745403617955121528e-03
-1.488198154514270991e-04
0.000000000000000000e+00
-9.126205373518788680e-04
-2.200581062387656304e-03
-3.095439447314544089e-03
-3.725096038889870714e-03
-4.180249749218098616e-03
-4.341166892730682382e-03
-3.709560488510084148e-03
-1.177417367683718371e-03
0.000000000000000000e+00
-7.586248945950768527e-06
-3.415668817254992155e-04
-6.893727265795462564e-04
-1.037087530214691718e-03
-1.329271272961376517e-03
-1.368762073610657213e-03
-6.478516439827996642e-04
1.848291528899143185e-03
0.000000000000000000e+00
9.560187044860961889e-04
1.746183164197831223e-03
2.182811676711288347e-03
2.384787060549984922e-03
2.516796518699112271e-03
2.807483413503217718e-03
3.719159022201562297e-03
6.168843759731187058e-03
0.000000000000000000e+00
1.316264398575978578e-03
2.724907038522813348e-03
3.658965483456376195e-03
4.327383021657156721e-03
4.938331165853802711e-03
5.662940924473389322e-03
6.837328762043254175e-03
9.295430042877540419e-03
0.000000000000000000e+00
-1.075731526458819590e-04
5.528457301492128431e-04
1.191114138759325706e-03
1.952566390338792519e-03
2.957124242928098855e-03
4.248323400992185667e-03
5.896715807229404270e-03
8.607755464461052872e-03
0.000000000000000000e+00
-6.383192037862922205e-03
-8.640757398095158179e-03
-9.159521333729008299e-03
-8.628592475718378785e-03
-7.301802683123006545e-03
-5.239541502085051823e-03
-2.403434075850318513e-03
1.206721529127348933e-03
0.000000000000000000e+00
6.320367021599682458e-03
1.004914483738203641e-02
1.232140615411665523e-02
1.413930786529109425e-02
1.625524058643257330e-02
1.923488741261187782e-02
2.350196428201942189e-02
2.868809953348672170e-02
0.000000000000000000e+00
1.328354939707656647e-03
2.863143389967947542e-03
3.734517000472420845e-03
4.330746295654331647e-03
4.957003528922663237e-03
5.881636375496652851e-03
7.470305550859762320e-03
1.039271147053193699e-02
0.000000000000000000e+00
-7.777724569531122099e-05
-2.534337526708505700e-04
-5.360553552232315971e-04
-9.033968932872656586e-04
-1.262669985220550659e-03
-1.367797040276288404e-03
-6.579866189460867104e-04
1.955072491661903004e-03
0.000000000000000000e+00
-3.818362104045135087e-04
-1.011204954867214517e-03
-1.782585484781083274e-03
-2.598604820948193991e-03
-3.397811396892430526e-03
-3.902142991043875374e-03
-3.452349520830416945e-03
-8.733438249186070050e-04
0.000000000000000000e+00
-2.146796168937052359e-04
-6.737600035444202100e-04
-1.347592388355616216e-03
-2.153675304377816648e-03
-2.992750579457424068e-03
-3.555910955475110290e-03
-3.156721237175718654e-03
-6.269924828679446747e-04
0.000000000000000000e+00
2.085222737991383030e-05
-1.129150917058288563e-04
-4.610968882950631348e-04
-1.008574155667062069e-03
-1.655839081588427516e-03
-2.107452900291315566e-03
-1.696458490951707754e-03
7.364856584017723858e-04
0.000000000000000000e+00
-1.297546809479763555e-04
-2.533272971098709083e-04
-4.310566394715400931e-04
-7.211087897044717726e-04
-1.079056461743660563e-03
-1.313061775574235392e-03
-8.538591764396308076e-04
1.465223500932034658e-03
0.000000000000000000e+00
-1.432309329105215835e-03
-2.440880981027940180e-03
-2.956685138656841780e-03
-3.183925982936461601e-03
-3.214489996968922843e-03
-3.041852479857161222e-03
-2.375974626617899377e-03
-1.271976975435617119e-04
0.000000000000000000e+00
-5.733790224002577665e-03
-9.044017497526170984e-03
-1.040380211873702214e-02
-1.069348561044692475e-02
-1.029632359945717099e-02
-9.337815468953796980e-03
-7.785616687233552595e-03
-5.396386098465888632e-03
0.000000000000000000e+00
3.426856051322291728e-03
5.595719385172576860e-03
7.017213163162165646e-03
8.186614733009507303e-03
9.648968130536979618e-03
1.194207610937577865e-02
1.558654610415304356e-02
2.058845173886194452e-02
0.000000000000000000e+00
8.149131437658258589e-04
1.853435919233833431e-03
2.390218960504482317e-03
2.629213058865291584e-03
2.862260497785289268e-03
3.429019970012202670e-03
4.812070807005301883e-03
7.780005706448436635e-03
0.000000000000000000e+00
-1.965917271140638732e-05
-1.184514733596748977e-04
-4.089280366959161341e-04
-9.404657907557069287e-04
-1.534641215332151198e-03
-1.835144063147586694e-03
-1.182754230566933004e-03
1.509184804063751347e-03
0.000000000000000000e+00
-3.216318107239118430e-04
-8.676386997816101570e-04
-1.639171207716783258e-03
-2.609581509079247214e-03
-3.628775203441752910e-03
-4.307112492206013887e-03
-3.889633689679518336e-03
-1.209072590129950820e-03
0.000000000000000000e+00
-3.539187882414092053e-04
-9.668630992796889510e-04
-1.831650114950161140e-03
-2.913706785537077508e-03
-4.055656038586236134e-03
-4.853766057303087432e-03
-4.519611024951799075e-03
-1.873745335416404515e-03
0.000000000000000000e+00
-3.047564669589516973e-04
-8.358394072508790748e-04
-1.587201425636712614e-03
-2.550263250095744991e-03
-3.604346015438982150e-03
-4.380015650940731996e-03
-4.097560302065018922e-03
-1.564573120759922336e-03
0.000000000000000000e+00
-4.074997133411613912e-04
-9.580747057463191892e-04
-1.598741263006665369e-03
-2.343200575102202983e-03
-3.149942444318821946e-03
-3.772201008011928560e-03
-3.523036365752144940e-03
-1.189398125086551074e-03
0.000000000000000000e+00
-1.056171886258186476e-03
-2.049994790399267599e-03
-2.792314118531902343e-03
-3.332956342451708683e-03
-3.731874843099541612e-03
-3.932428090895817747e-03
-3.551128181931408490e-03
-1.513084508840039158e-03
0.000000000000000000e+00
-3.192227092484753101e-03
-5.355784767417027213e-03
-6.453534210513456847e-03
-6.808598052664115163e-03
-6.619477729642620975e-03
-5.907563232893740107e-03
-4.646832745619812466e-03
-2.823453462943923721e-03
0.000000000000000000e+00
-9.453944088371493649e-05
-4.428608157538671373e-05
1.327919645664625602e-04
4.865363286871346709e-04
1.240231562946508695e-03
2.790094862233287280e-03
5.710262174520298190e-03
1.044601876102378181e-02
0.000000000000000000e+00
-1.598727617183947432e-04
-1.931324047511168119e-04
-3.559056594666778280e-04
-6.008481790979990902e-04
-7.838258233073520194e-04
-5.957881642052020432e-04
5.366386267392297222e-04
3.538792153827545559e-03
0.000000000000000000e+00
-2.497201503064976503e-04
-6.241657694610545362e-04
-1.157632957559487016e-03
-1.892667718541609896e-03
-2.685837797088993714e-03
-3.161858007364967173e-03
-2.593033310598459075e-03
1.604469342682977233e-04
0.000000000000000000e+00
-3.535783829033677128e-04
-9.373179924529991339e-04
-1.760015156437349810e-03
-2.810263677747753663e-03
-3.938004217686166993e-03
-4.714982693343255579e-03
-4.327387928203039850e-03
-1.584710418217603368e-03
0.000000000000000000e+00
-3.890026670841284962e-04
-1.043448613343340081e-03
-1.963005729447893886e-03
-3.127355909880936286e-03
-4.377534988354572429e-03
-5.270379625032385607e-03
-4.960325734580689483e-03
-2.249016644006825247e-03
0.000000000000000000e+00
-3.311751176723350511e-04
-9.118601064712413429e-04
-1.739579454518966513e-03
-2.804390388641300053e-03
-3.980286286491863633e-03
-4.863545131690845229e-03
-4.617810871817002241e-03
-2.033428025332158998e-03
0.000000000000000000e+00
-1.932339072775559382e-04
-5.883914894674311703e-04
-1.172168979826602141e-03
-1.934252156501427939e-03
-2.806063035407433195e-03
-3.508325826207808404e-03
-3.307794475182221014e-03
-9.911243767645985976e-04
0.000000000000000000e+00
-2.345594006558371765e-05
-2.078107088496758468e-04
-4.795924872952468903e-04
-7.859053614374428461e-04
-1.076618868567775751e-03
-1.238824393645138536e-03
-8.772494022074112325e-04
9.732930603362694756e-04
0.000000000000000000e+00
4.140528160252456388e-05
-4.059902591829910490e-05
-5.404792627361997942e-05
1.293116692804764808e-04
6.314614299542827252e-04
1.591427913857833450e-03
2.992996859245626844e-03
4.456758284936734697e-03
0.000000000000000000e+00
-3.462862070558177501e-03
-5.352192661760074230e-03
-6.236673708477506566e-03
-6.478757394643867851e-03
-6.212598853887765782e-03
-5.283806923438271429e-03
-3.110459839472969751e-03
1.245597719366777064e-03
0.000000000000000000e+00
-9.870166759029411034e-04
-1.945983702813945150e-03
-2.642260111692968250e-03
-3.163313682632212971e-03
-3.552172456386733235e-03
-3.624194436887557668e-03
-2.760963012484672977e-03
1.823567905691289603e-04
0.000000000000000000e+00
-3.480608836577461221e-04
-8.522895405899969185e-04
-1.471811275623833822e-03
-2.213211117385655968e-03
-3.008742988113173328e-03
-3.552373701521703304e-03
-3.090167879226865359e-03
-3.670393950388169189e-04
0.000000000000000000e+00
-2.695348684391600871e-04
-7.481867184290233799e-04
-1.457276535896228622e-03
-2.391978626925352677e-03
-3.438349356677818189e-03
-4.210753482629699465e-03
-3.876568260837758018e-03
-1.160650794302216715e-03
0.000000000000000000e+00
-3.227024191954056703e-04
-8.774404255351348544e-04
-1.677044038650974062e-03
-2.720704441259767879e-03
-3.885804282036125438e-03
-4.764648674682228288e-03
-4.494756345019339412e-03
-1.799871260009511731e-03
0.000000000000000000e+00
-2.709160719497413100e-04
-7.602559029448078360e-04
-1.477007441666764592e-03
-2.427931299042847702e-03
-3.519962203343842810e-03
-4.384664466544024690e-03
-4.173493015722748098e-03
-1.604361380781260150e-03
0.000000000000000000e+00
9.233885299689074120e-05
-5.559227355400809517e-06
-3.297357869061568261e-04
-8.767516952395233362e-04
-1.588038744634326371e-03
-2.214336275582932684e-03
-2.027465070136119131e-03
2.307721796392563974e-04
0.000000000000000000e+00
1.067078711312218061e-03
1.837987106462577163e-03
2.258262931094956374e-03
2.439782304995668193e-03
2.507491734692313210e-03
2.579905098941026338e-03
3.003793875705972408e-03
4.659085106954034480e-03
0.000000000000000000e+00
3.332270490588681248e-03
5.491727467230365575e-03
6.808643308442603563e-03
7.804033984826571138e-03
8.887311710250044711e-03
1.032641352757790974e-02
1.201487088235862408e-02
1.316854621174575780e-02
0.000000000000000000e+00
-5.910016177690079371e-03
-8.920234284399209887e-03
-1.017296213633091598e-02
-1.037998845789546952e-02
-9.980633459368308188e-03
-9.174279904228617791e-03
-7.614157099163006669e-03
-3.920422360014853662e-03
0.000000000000000000e+00
-1.062985701491941590e-03
-2.192671457638088652e-03
-2.779397707935190795e-03
-3.000832902348659920e-03
-3.048051627039102471e-03
-2.960769416097638797e-03
-2.272848123092346701e-03
3.765502014389239907e-04
0.000000000000000000e+00
8.506881342902957051e-05
6.118158366127217667e-06
-2.002764639224251795e-04
-4.827172195607312699e-04
-8.323171973159348112e-04
-1.105346438687428070e-03
-6.798205968093988093e-04
1.820569472261750936e-03
0.000000000000000000e+00
1.104298568812006479e-04
7.157178963902064382e-05
-1.888828122954708483e-04
-6.647490537117949549e-04
-1.280300685377265850e-03
-1.783746497511707295e-03
-1.455352334814899364e-03
1.088007264347715369e-03
0.000000000000000000e+00
-1.931702050309106204e-04
-5.302795571463274826e-04
-1.036918727314815099e-03
-1.732311898536342820e-03
-2.551080336165058738e-03
-3.212561205629021251e-03
-2.952087602299520528e-03
-3.736798074188110892e-04
0.000000000000000000e+00
-3.782287704326305999e-04
-8.727521675877474667e-04
-1.465093298628457026e-03
-2.185852920779600850e-03
-3.011510591959928353e-03
-3.701468741010695371e-03
-3.501894392055299871e-03
-9.986139463148404824e-04
0.000000000000000000e+00
-1.937944380773211990e-05
-1.290079464138510360e-04
-3.372972892560811842e-04
-6.611092326088699933e-04
-1.102093418067842667e-03
-1.531192776614157111e-03
-1.328737502235156432e-03
8.773414603420246058e-04
0.000000000000000000e+00
1.556255810313546825e-03
2.787835388996959870e-03
3.622316156724271572e-03
4.210824064854895056e-03
4.687986439112260331e-03
5.091963445809603341e-03
5.618819666430381957e-03
7.135171977753530966e-03
0.000000000000000000e+00
5.962620244592348184e-03
9.775800166362686935e-03
1.207669603476959133e-02
1.376637155262015917e-02
1.546306322327919980e-02
1.746638356604892500e-02
1.947164269637206499e-02
2.032789415490726323e-02
0.000000000000000000e+00
-6.000753146960305200e-03
-8.489957896063760751e-03
-9.000531684619124395e-03
-8.297279177816176132e-03
-6.800341515726372743e-03
-4.942585577207295189e-03
-3.204822458163644142e-03
-1.094902520820150707e-03
0.000000000000000000e+00
6.654563247677048416e-04
8.224184813983777568e-04
1.340537192688073982e-03
2.196684705990763209e-03
3.317540303926984173e-03
4.516621603315837570e-03
5.648989198257502523e-03
7.507615130690771174e-03
0.000000000000000000e+00
1.687555485015803216e-03
3.016165840320355306e-03
3.929370412469213036e-03
4.688319076377540397e-03
5.431448359715310668e-03
6.191364826630334044e-03
7.089143313894410471e-03
9.051669113328646848e-03
0.000000000000000000e+00
1.050084475705325782e-03
1.955543239987813167e-03
2.544415105667113906e-03
2.911494121596827807e-03
3.211760163709166151e-03
3.587559431532336054e-03
4.332169441428561536e-03
6.510500188359418135e-03
0.000000000000000000e+00
-8.030574453620228741e-05
-1.458722705545038108e-04
-2.446180286723478024e-04
-3.878584817715900008e-04
-5.157004431798583840e-04
-4.768204778494614755e-04
1.224615952829470459e-04
2.488987881044854057e-03
0.000000000000000000e+00
-1.074501964986933735e-03
-1.966673858284062690e-03
-2.601541631294435747e-03
-3.064171619729166070e-03
-3.412262746559220801e-03
-3.558820698188707235e-03
-3.081102009704937434e-03
-6.424472031644922658e-04
0.000000000000000000e+00
-1.314354280596833529e-03
-2.295279192454317135e-03
-2.852743634867467223e-03
-3.113835890827199894e-03
-3.215351346757427432e-03
-3.187793169159987196e-03
-2.713090463790428404e-03
-4.379563804012029209e-04
0.000000000000000000e+00
2.687300867377416199e-04
6.360918335591663310e-04
1.123972883648517414e-03
1.772063369691608643e-03
2.582864113548757889e-03
3.463783271715664084e-03
4.327607308785213353e-03
5.984231724397214534e-03
0.000000000000000000e+00
6.495013866588811129e-03
1.030664732528920567e-02
1.263384491350705817e-02
1.456774185254447983e-02
1.674434021946047402e-02
1.939322542726937618e-02
2.192072359468668144e-02
2.266638466529335982e-02
0.000000000000000000e+00
6.510340277333855627e-04
1.348139035171572620e-03
2.628531486839009567e-03
4.834155452215704689e-03
8.251100614075225492e-03
1.298242627421383744e-02
1.770045606602237837e-02
1.820606469296234126e-02
0.000000000000000000e+00
7.048567199485300180e-03
1.053211328828865950e-02
1.295307905663166219e-02
1.531631866201640935e-02
1.821608294002593359e-02
2.186426539348729214e-02
2.558043847386475347e-02
2.725899103229680390e-02
0.000000000000000000e+00
6.069133173820877823e-03
1.007865170136228172e-02
1.254282170796192433e-02
1.456741951721980850e-02
1.682855605013954675e-02
1.968568752965082352e-02
2.288431527095569420e-02
2.496735743068273852e-02
0.000000000000000000e+00
3.241387893453340913e-03
5.658950883392596318e-03
7.262759317948687052e-03
8.575786714271935174e-03
1.011839109646403903e-02
1.227717756586269721e-02
1.506323185480737230e-02
1.753691779033463710e-02
0.000000000000000000e+00
-9.482500524905420334e-05
5.952367657972595943e-05
3.298489751196354187e-04
7.798010477155435357e-04
1.619442880086321762e-03
3.137278752217963988e-03
5.505109573603371616e-03
8.284191218807366100e-03
0.000000000000000000e+00
-3.270514397222654482e-03
-5.224651238825788434e-03
-6.136657697756143018e-03
-6.351955337697796217e-03
-5.989212960637179013e-03
-4.937675880285936035e-03
-2.944895570577491396e-03
2.686305453253672344e-05
0.000000000000000000e+00
-5.615528975967376199e-03
-8.823804044105019312e-03
-1.021061323144357123e-02
-1.050674028939693749e-02
-1.010980646034726274e-02
-9.118253774276887172e-03
-7.309189426947161443e-03
-4.274624213848551152e-03
0.000000000000000000e+00
-5.811968908680987915e-03
-8.492552582907559461e-03
-9.172202360118736006e-03
-8.721723923284937022e-03
-7.562512526928501233e-03
-5.909506555414567770e-03
-3.822571120890830201e-03
-9.247912006201530885e-04
0.000000000000000000e+00
4.439512125008935012e-04
1.228974361491752629e-03
2.404747611895850009e-03
4.140464042122712386e-03
6.618016465635656771e-03
9.889564354278859715e-03
1.348082031599869522e-02
1.585549853717795402e-02
0.000000000000000000e+00
2.024025918502772581e-02
4.258721018746615405e-02
6.565996500449791662e-02
8.929237897705354088e-02
1.140798322621570104e-01
1.416390046952281101e-01
1.760746014122097913e-01
2.166005764282492307e-01
0.000000000000000000e+00
1.979285922963855762e-02
4.204257276234812241e-02
6.497702975572657025e-02
8.839039411636785692e-02
1.127481736708886295e-01
1.392477133356908869e-01
1.704610603668594015e-01
2.049742794010527835e-01
0.000000000000000000e+00
2.096168171371001060e-02
4.264147408909826908e-02
6.509609033180399629e-02
8.811465665044872220e-02
1.118782421662230381e-01
1.369873303673989628e-01
1.646305542991141901e-01
1.913158678435286364e-01
0.000000000000000000e+00
2.202698428935313812e-02
4.354707263998452288e-02
6.561492302439297930e-02
8.824434412422550722e-02
1.113872519190646365e-01
1.351178817386540498e-01
1.596022454207162711e-01
1.800784740149902197e-01
0.000000000000000000e+00
2.250317589532062693e-02
4.406995571184188498e-02
6.602453018132051210e-02
8.844135506111515388e-02
1.111167505587680182e-01
1.337522612161658464e-01
1.558456896703491745e-01
1.721113498814391407e-01
0.000000000000000000e+00
2.221694834315963984e-02
4.389214293736198869e-02
6.599101551479301386e-02
8.844647804892942500e-02
1.109373685880869209e-01
1.329590347548254281e-01
1.536470786258534171e-01
1.676955998045180640e-01
0.000000000000000000e+00
2.114153353697054497e-02
4.297674248065717212e-02
6.541274075426449508e-02
8.810709848568173963e-02
1.107053494209593036e-01
1.326920497422869882e-01
1.531139550637791169e-01
1.669759785178304978e-01
0.000000000000000000e+00
1.952684484803835982e-02
4.162294888000863530e-02
6.444339523879019649e-02
8.738004091797874073e-02
1.101740802668369906e-01
1.325952516201862330e-01
1.539280605931991064e-01
1.696534101108090331e-01
0.000000000000000000e+00
1.841447549816653539e-02
4.059006069551826523e-02
6.351301597894823403e-02
8.641836892466749076e-02
1.091250377088823775e-01
1.317122715860048476e-01
1.544375884275918376e-01
1.732506415439833691e-01
0.000000000000000000e+00
1.510446138923342459e-02
3.150026119515929313e-02
4.859419643271858935e-02
6.622088006937598692e-02
8.477631834758438123e-02
1.053785410752035440e-01
1.306849607671566604e-01
1.628901890300871180e-01
0.000000000000000000e+00
1.424867769209706148e-02
3.096411266772861395e-02
4.814938725397749364e-02
6.569911152012206101e-02
8.398365261994024389e-02
1.038633663514966499e-01
1.268806867846904995e-01
1.540785747929837857e-01
0.000000000000000000e+00
1.537560434640621553e-02
3.161837976910100018e-02
4.848352974655700809e-02
6.577449149905867376e-02
8.363972577897801908e-02
1.024702772634283610e-01
1.226931560635911717e-01
1.434387647224528994e-01
0.000000000000000000e+00
1.637138239875091800e-02
3.253195072699528734e-02
4.909385172743450931e-02
6.606109483157293627e-02
8.338042558552742622e-02
1.009817082532924321e-01
1.184367374692690822e-01
1.336475233309061261e-01
0.000000000000000000e+00
1.683398279622145416e-02
3.307163609509931879e-02
4.954285185315596834e-02
6.629496063641733550e-02
8.313409214097917943e-02
9.965551954375514998e-02
1.149028724336615265e-01
1.262393841000014061e-01
0.000000000000000000e+00
1.664782459338532208e-02
3.299552678478118173e-02
4.957638407337127545e-02
6.631183247451846730e-02
8.288972391882068469e-02
9.871451899522763751e-02
1.125907191893025655e-01
1.218225216611848460e-01
0.000000000000000000e+00
1.583603045808729473e-02
3.232000466348922824e-02
4.916277441871383380e-02
6.606173149776464748e-02
8.264177007902602512e-02
9.825695801716957667e-02
1.116982588497407863e-01
1.205561136936959127e-01
0.000000000000000000e+00
1.468221362852178448e-02
3.135197497640613423e-02
4.849493924885406315e-02
6.560309663534968916e-02
8.233651740562970833e-02
9.817632807936080286e-02
1.120661094192640650e-01
1.220862652326826364e-01
0.000000000000000000e+00
1.406641184867403124e-02
3.075060928169458599e-02
4.796173068809811424e-02
6.509269375462259366e-02
8.187166887504943036e-02
9.802050772655626631e-02
1.130092062547133763e-01
1.250042330287116088e-01
0.000000000000000000e+00
1.023534953416661147e-02
2.076622500232748469e-02
3.196086708258135539e-02
4.364987028142353759e-02
5.613457972934754459e-02
7.034406542464802237e-02
8.859504326771608373e-02
1.138132648694188814e-01
0.000000000000000000e+00
9.108904495704044785e-03
2.015405161777800505e-02
3.155043792770549638e-02
4.324078771054992026e-02
5.554501547747358464e-02
6.921098914811542324e-02
8.567926656049655587e-02
1.068100171866457476e-01
0.000000000000000000e+00
9.798996528543432033e-03
2.058027488061936125e-02
3.184474593838885342e-02
4.339705046569054120e-02
5.540431657546589922e-02
6.825893542664419888e-02
8.253307950326264908e-02
9.859947628981054202e-02
0.000000000000000000e+00
1.055576184433005410e-02
2.135974287270999902e-02
3.243026526730773129e-02
4.375416390283568685e-02
5.532092908570251238e-02
6.714321569140083157e-02
7.910545871081674230e-02
9.061626251134405341e-02
0.000000000000000000e+00
1.097214329158615297e-02
2.189439588169445408e-02
3.291462783871788866e-02
4.405884327831700864e-02
5.518454867897434890e-02
6.600665693307154747e-02
7.596635654004797733e-02
8.402419127380979236e-02
0.000000000000000000e+00
1.093509407212224505e-02
2.197588662641177665e-02
3.308613545957653224e-02
4.419306008791663853e-02
5.502907248811076540e-02
6.510957832652840283e-02
7.364505137646371047e-02
7.951164829022402958e-02
0.000000000000000000e+00
1.047138654868624494e-02
2.161706208517107444e-02
3.292221528676092523e-02
4.414113244408636449e-02
5.491730392703240288e-02
6.465299420553256848e-02
7.246534145721925113e-02
7.739497319765745176e-02
0.000000000000000000e+00
9.829720185880644334e-03
2.105542922027614158e-02
3.256659448662180961e-02
4.395207145035914115e-02
5.485083037473658524e-02
6.467907738819554664e-02
7.251237704877105950e-02
7.764243655069176520e-02
0.000000000000000000e+00
9.727684148719641100e-03
2.076764301387885522e-02
3.227550382353707586e-02
4.368771216481828756e-02
5.468757717837347682e-02
6.486916101185330463e-02
7.353406382522413576e-02
7.978052849929785639e-02
0.000000000000000000e+00
5.062080785190809992e-03
1.010559521812058430e-02
1.555542682915185548e-02
2.141811733823857991e-02
2.798496219139197730e-02
3.606100438247537843e-02
4.758320386539267172e-02
6.513290594560884605e-02
0.000000000000000000e+00
4.246727567943677818e-03
9.636430345644368678e-03
1.524408641167310750e-02
2.113489823373699422e-02
2.761519695483466083e-02
3.537444563226942174e-02
4.573064293344580172e-02
6.042759343152141749e-02
0.000000000000000000e+00
4.569164715955602654e-03
9.827464456690967326e-03
1.544014665475942211e-02
2.128991002830625187e-02
2.758203070709553534e-02
3.475418895162545735e-02
4.348915349781644346e-02
5.446088399910722216e-02
0.000000000000000000e+00
5.033333544394936326e-03
1.036722049682321269e-02
1.590893397314992186e-02
2.162880119005652566e-02
2.758205122309606572e-02
3.391151802101073642e-02
4.078037503911259576e-02
4.818086573680596674e-02
0.000000000000000000e+00
5.365417760327954172e-03
1.083478832539067419e-02
1.637694819748619635e-02
2.196248809871031646e-02
2.752172664366368815e-02
3.293578799664926421e-02
3.800217877797101851e-02
4.238208663126362408e-02
0.000000000000000000e+00
5.461768733349982828e-03
1.105478885521006885e-02
1.667004030229371492e-02
2.220194721756207218e-02
2.744788170508009537e-02
3.207141116955822269e-02
3.562278769282096330e-02
3.766232520642660148e-02
0.000000000000000000e+00
5.310829623665937020e-03
1.099615891599672705e-02
1.673880125326388663e-02
2.232531951271291004e-02
2.744289451711896116e-02
3.157064590929250375e-02
3.404820001417502989e-02
3.446444664938042718e-02
0.000000000000000000e+00
5.032633107056920518e-03
1.076642036886217742e-02
1.663177354475828262e-02
2.232620463423484400e-02
2.750612979153684717e-02
3.156154806085825076e-02
3.357769852201979849e-02
3.311751474123542094e-02
0.000000000000000000e+00
5.012926572112827613e-03
1.063150892126273755e-02
1.646857405497922575e-02
2.217471808247948803e-02
2.743891051625929611e-02
3.177595009033259976e-02
3.425674987139488981e-02
3.396867049081394446e-02
0.000000000000000000e+00
-2.216671926984529421e-04
-5.154208967735777547e-04
-6.602477285213329775e-04
-5.125723315267006076e-04
2.455938575888559996e-04
2.296108099385520043e-03
7.112324283914238203e-03
1.666215175184205047e-02
0.000000000000000000e+00
-4.904419159373573072e-04
-7.195731752530540835e-04
-8.379901356950692675e-04
-6.787081467819685047e-04
7.642712263656890122e-05
2.051347213455202104e-03
6.340406237907307389e-03
1.426281903222565740e-02
0.000000000000000000e+00
-4.393828691087463853e-04
-6.794787436209444049e-04
-7.318472301950791322e-04
-5.544606831894740694e-04
1.098381591349486549e-04
1.727202908093221009e-03
4.981568251100517569e-03
1.049286439256647691e-02
0.000000000000000000e+00
-2.646314559048886916e-04
-4.015796731862258375e-04
-4.236493471690382095e-04
-2.925426646680902255e-04
1.242039400380148806e-04
1.079871257010783358e-03
2.901632838811175376e-03
5.785839130690836711e-03
0.000000000000000000e+00
-4.189093760198886712e-05
-4.837720099440478934e-05
-2.968162940806454272e-05
9.103657127175413522e-06
7.261808473271230333e-05
1.867180402880054318e-04
3.864451312717129185e-04
6.486014560071464916e-04
0.000000000000000000e+00
1.577848238633431668e-04
2.671927963284099236e-04
3.351531789583769069e-04
2.984582843314345711e-04
1.679787564013361211e-05
-7.227459227134189158e-04
-2.156509767043038057e-03
-4.425843556749768301e-03
0.000000000000000000e+00
2.712397175465785203e-04
4.584326898978547640e-04
5.831357355201022144e-04
5.321871687556650873e-04
3.709907255063544666e-05
-1.371340192630428724e-03
-4.266673483194794413e-03
-8.897192506439288023e-03
0.000000000000000000e+00
2.518139909545524476e-04
4.742508483791620143e-04
6.493539553648027592e-04
6.329930257613312081e-04
1.101524172566055134e-04
-1.571003278339651310e-03
-5.450546064836212477e-03
-1.207696771915481304e-02
0.000000000000000000e+00
1.032114805497506523e-04
3.454115520234891522e-04
5.226098033487778507e-04
4.949688048473045070e-04
-7.812678464454733432e-06
-1.549410462970733995e-03
-5.387633686003704542e-03
-1.282121592964924339e-02
0.000000000000000000e+00
-5.454984218804433301e-03
-1.103870279691093748e-02
-1.671704180745905988e-02
-2.222160926149892649e-02
-2.721259869577903265e-02
-3.113298449914506452e-02
-3.296637235562582813e-02
-3.133975756431712362e-02
0.000000000000000000e+00
-5.181866244227333052e-03
-1.099781259131969377e-02
-1.680096323273329653e-02
-2.233791259870303650e-02
-2.727587520860021153e-02
-3.104911145775155965e-02
-3.278159462518049488e-02
-3.156948648724049872e-02
0.000000000000000000e+00
-5.398852069660998315e-03
-1.110300078051467548e-02
-1.680695893557051374e-02
-2.229134334895257682e-02
-2.724275244329455239e-02
-3.116105816677810364e-02
-3.335823889290365218e-02
-3.326889799546348114e-02
0.000000000000000000e+00
-5.520073559662441731e-03
-1.110176792454290080e-02
-1.668568116320962372e-02
-2.214795412172264680e-02
-2.726902323003242007e-02
-3.168311695427446228e-02
-3.490048164829123722e-02
-3.652832541901794572e-02
0.000000000000000000e+00
-5.422799592871572864e-03
-1.089056674933422050e-02
-1.640147147002090147e-02
-2.192080242091712025e-02
-2.736202371870316563e-02
-3.255565411144901306e-02
-3.723595888198992510e-02
-4.112598108409049741e-02
0.000000000000000000e+00
-5.137968307131280180e-03
-1.050796644940280716e-02
-1.600116804873447096e-02
-2.162497011847037964e-02
-2.745018780813451159e-02
-3.356957435986547555e-02
-4.002012642119780195e-02
-4.667209299149286533e-02
0.000000000000000000e+00
-4.776071382771877351e-03
-1.009323132285048531e-02
-1.561079203752570310e-02
-2.133001594934229653e-02
-2.746639682612617844e-02
-3.443998434153778404e-02
-4.275828988137510278e-02
-5.255130229055665625e-02
0.000000000000000000e+00
-4.547342982743856135e-03
-9.855973988864570601e-03
-1.540949606886852195e-02
-2.118548674865897152e-02
-2.746156933899994088e-02
-3.492887872688819201e-02
-4.477814629068121999e-02
-5.773337360897898979e-02
0.000000000000000000e+00
-4.832104323453039786e-03
-9.998327429117628146e-03
-1.552622582091980029e-02
-2.135220567537024841e-02
-2.770140043294163149e-02
-3.520718632012830029e-02
-4.546999482351657407e-02
-6.026148943909730160e-02
0.000000000000000000e+00
-1.050070309298841223e-02
-2.141209680876237850e-02
-3.266493239445363711e-02
-4.384239543442865900e-02
-5.458922903925227804e-02
-6.447395879197477531e-02
-7.285761143971208886e-02
-7.870277481526963270e-02
0.000000000000000000e+00
-9.889965764711836083e-03
-2.127156071544066690e-02
-3.275949873806304619e-02
-4.401977955599021414e-02
-5.470722163006574990e-02
-6.428978425823445031e-02
-7.198679981068607792e-02
-7.701156895160717053e-02
0.000000000000000000e+00
-1.046273580293765638e-02
-2.160029042122064979e-02
-3.293518230869067753e-02
-4.410759718344031688e-02
-5.475374196482163391e-02
-6.431261387828267340e-02
-7.196256077944590546e-02
-7.684634129098288913e-02
0.000000000000000000e+00
-1.090929430544972795e-02
-2.190339312761891213e-02
-3.302019348088822137e-02
-4.410136206384959040e-02
-5.484864195057281844e-02
-6.476183356804270097e-02
-7.306509497565021050e-02
-7.880238764786028083e-02
0.000000000000000000e+00
-1.094719033394921624e-02
-2.184176446046371192e-02
-3.284914135261938345e-02
-4.394934947551476512e-02
-5.498398100341394396e-02
-6.562179252654647132e-02
-7.525307755709727264e-02
-8.293706314107780753e-02
0.000000000000000000e+00
-1.057724559573274513e-02
-2.138920422821210393e-02
-3.240923557934162480e-02
-4.364190518764313881e-02
-5.509546523781010813e-02
-6.672343810330590153e-02
-7.826120737514248582e-02
-8.896871146058515922e-02
0.000000000000000000e+00
-9.941217872498048225e-03
-2.072784115406193714e-02
-3.186238408614580631e-02
-4.327905480291188711e-02
-5.514298056350550731e-02
-6.779950623513898711e-02
-8.159457445811878207e-02
-9.625146128477621299e-02
0.000000000000000000e+00
-9.375717604040522887e-03
-2.021017109318225258e-02
-3.150136422533654501e-02
-4.308662943665120260e-02
-5.521293651500605582e-02
-6.858385187080692780e-02
-8.445292937260424904e-02
-1.034849910204550388e-01
0.000000000000000000e+00
-9.594879537063335379e-03
-2.023929928773826256e-02
-3.154993551105769733e-02
-4.326054871689958420e-02
-5.556865388751971307e-02
-6.916387943904332702e-02
-8.590920603278362488e-02
-1.079005875807846765e-01
0.000000000000000000e+00
-1.521846653986648652e-02
-3.162320433847774087e-02
-4.860961468579327177e-02
-6.558589615823512409e-02
-8.221050852344091719e-02
-9.820014298492066307e-02
-1.132412758784189649e-01
-1.258570103958565889e-01
0.000000000000000000e+00
-1.465374212950172964e-02
-3.159042659888347537e-02
-4.881509268701119536e-02
-6.590254218678662235e-02
-8.251940878419049274e-02
-9.819424061069277621e-02
-1.121297693388497163e-01
-1.227448437717091750e-01
0.000000000000000000e+00
-1.572274705528181604e-02
-3.224130475297578430e-02
-4.919399283453546740e-02
-6.612984350318708293e-02
-8.266195743157350728e-02
-9.820076397531161960e-02
-1.116929217673583580e-01
-1.210564895718566486e-01
0.000000000000000000e+00
-1.651688392942120970e-02
-3.285296659203175429e-02
-4.946160349924406952e-02
-6.621687330792362658e-02
-8.277586939095822605e-02
-9.854941052674996704e-02
-1.124114886106870048e-01
-1.219171313842604965e-01
0.000000000000000000e+00
-1.667955512674281632e-02
-3.291243037317768960e-02
-4.935656268578242356e-02
-6.607381394975059274e-02
-8.286950630469246126e-02
-9.930624049411523879e-02
-1.143971171785452962e-01
-1.256238561266706244e-01
0.000000000000000000e+00
-1.620943067332535764e-02
-3.235396614955146632e-02
-4.882324543063256556e-02
-6.568143550339014536e-02
-8.290454844246475385e-02
-1.003604431383505330e-01
-1.174617190010900508e-01
-1.319751394630593044e-01
0.000000000000000000e+00
-1.525100887302349197e-02
-3.137860242565563423e-02
-4.804458052336071927e-02
-6.516659360848173210e-02
-8.287945226394387299e-02
-1.014881859347906284e-01
-1.211357008218111597e-01
-1.403418849955804792e-01
0.000000000000000000e+00
-1.417694669790096548e-02
-3.043085417839240525e-02
-4.740537325922071499e-02
-6.482236325906388930e-02
-8.291777630015519096e-02
-1.024281198193010417e-01
-1.245914233992805459e-01
-1.493274838692222606e-01
0.000000000000000000e+00
-1.389975728737860919e-02
-3.010628970500671756e-02
-4.727417514740602650e-02
-6.494022743048587232e-02
-8.331583113828945619e-02
-1.031970011586843539e-01
-1.266563528047687237e-01
-1.555808518640918459e-01
0.000000000000000000e+00
-1.983702833946908786e-02
-4.200485226464296951e-02
-6.491939153906951809e-02
-8.787679464987638300e-02
-1.106530003902681109e-01
-1.332948977103088350e-01
-1.562465977475185896e-01
-1.756071511686899123e-01
0.000000000000000000e+00
-1.936142686740235583e-02
-4.192589596134936591e-02
-6.501046345626297629e-02
-8.809331239617894382e-02
-1.109247888779965469e-01
-1.333094983144262058e-01
-1.549397017323617953e-01
-1.718960712918720934e-01
0.000000000000000000e+00
-2.101748925412956145e-02
-4.284518732362772170e-02
-6.548362770953838896e-02
-8.832244572441283470e-02
-1.109959715772394911e-01
-1.330932430493040330e-01
-1.539561923454349779e-01
-1.691757903693273390e-01
0.000000000000000000e+00
-2.211960493775763301e-02
-4.368901296364922221e-02
-6.582220928879613242e-02
-8.835941166916937151e-02
-1.109407019512149428e-01
-1.331136016552342538e-01
-1.541976527712463074e-01
-1.693554690781056693e-01
0.000000000000000000e+00
-2.235035213560347678e-02
-4.378720348543922031e-02
-6.567626525927612591e-02
-8.807950083548768405e-02
-1.107908740678739401e-01
-1.335137529395837297e-01
-1.558186007074771062e-01
-1.727305775902295282e-01
0.000000000000000000e+00
-2.174573627722432498e-02
-4.306808352596771389e-02
-6.496377944693974837e-02
-8.746900889674327773e-02
-1.105469287095786762e-01
-1.342270375391132475e-01
-1.586076286399989710e-01
-1.790047238380007011e-01
0.000000000000000000e+00
-2.043377733539335911e-02
-4.172330167031137321e-02
-6.385988659628566433e-02
-8.666278802677038207e-02
-1.102432018049464835e-01
-1.350791684752013222e-01
-1.621012439220212431e-01
-1.875254227102641502e-01
0.000000000000000000e+00
-1.870579257215378502e-02
-4.015368969775004460e-02
-6.272622159454149804e-02
-8.594241081161918538e-02
-1.100183776554723991e-01
-1.358691969751321393e-01
-1.655139643562631158e-01
-1.970117764344737343e-01
0.000000000000000000e+00
-1.737376924283814961e-02
-3.904173011671673021e-02
-6.204367144567644182e-02
-8.565447567631902237e-02
-1.101212498759595315e-01
-1.365023814006387504e-01
-1.674364478393205735e-01
-2.045162896045170653e-01
0.000000000000000000e+00
-2.054571798306503716e-02
-4.310426527419394110e-02
-6.604130006426775501e-02
-8.880738395678237918e-02
-1.112279643728826400e-01
-1.333617151217918462e-01
-1.553284386070546419e-01
-1.733267065837523491e-01
0.000000000000000000e+00
-1.542106157253942192e-02
-3.206478694475596580e-02
-4.908929746829775176e-02
-6.597659405370392971e-02
-8.239960961336527390e-02
-9.806504697880552568e-02
-1.126504478842249163e-01
-1.249837840871618755e-01
0.000000000000000000e+00
-1.068518568216563804e-02
-2.156249898803145812e-02
-3.285134797840072451e-02
-4.406513123482092009e-02
-5.482012368712712441e-02
-6.468856234666618688e-02
-7.310218527868300731e-02
-7.943985114014616433e-02
0.000000000000000000e+00
-5.643049759822032357e-03
-1.111786068628215288e-02
-1.679284762314989590e-02
-2.238407075042186598e-02
-2.751063206256532806e-02
-3.161763929591107636e-02
-3.372792608128315911e-02
-3.282864149549680199e-02
0.000000000000000000e+00
-4.053994834341424617e-04
-5.732283018302846778e-04
-7.020601435210444517e-04
-6.583865088277819459e-04
-9.412211919369147461e-05
1.679205962652957369e-03
6.132167636601773900e-03
1.489957418025504056e-02
0.000000000000000000e+00
4.888709335705289719e-03
1.004423709489088608e-02
1.549173471339521796e-02
2.124265181370589214e-02
2.761451908385984672e-02
3.541547829821434928e-02
4.658675072147036578e-02
6.336665370920493978e-02
0.000000000000000000e+00
1.006519171106752021e-02
2.062264740557393297e-02
3.175060530969045502e-02
4.333399003409018485e-02
5.567478794263388403e-02
6.968586996163138314e-02
8.768254219112887882e-02
1.122782390376797085e-01
0.000000000000000000e+00
1.490383738567628222e-02
3.101848432254335902e-02
4.797607444775346675e-02
6.551746449607571965e-02
8.398970382209725027e-02
1.044837133417780700e-01
1.296720948009131291e-01
1.618637124082418777e-01
0.000000000000000000e+00
1.953760643723390783e-02
4.139429831808568577e-02
6.424765561776381306e-02
8.771746926661590227e-02
1.122659986750253469e-01
1.393540806127742393e-01
1.730733843862323762e-01
2.135696739061314908e-01
0.000000000000000000e+00
-2.034602585098081381e-02
-4.294342626800434076e-02
-6.594513287701407600e-02
-8.880478479008785397e-02
-1.112616834701426333e-01
-1.330890593663776600e-01
-1.539132125870507906e-01
-1.699460040198545463e-01
0.000000000000000000e+00
-1.476678570790216499e-02
-3.181808270770723063e-02
-4.906951066627223551e-02
-6.608157628349248247e-02
-8.252631379564311087e-02
-9.795335073144091631e-02
-1.116400485387265967e-01
-1.224136093650852186e-01
0.000000000000000000e+00
-9.679044152730962788e-03
-2.112699277455043836e-02
-3.268565193541266706e-02
-4.399144423835546491e-02
-5.469952491014992008e-02
-6.431092236875299295e-02
-7.214470838987291357e-02
-7.775196742518838966e-02
0.000000000000000000e+00
-4.882753268991468082e-03
-1.074976999532268294e-02
-1.661699284651849823e-02
-2.226781726560204261e-02
-2.735873597565107590e-02
-3.134243804021621255e-02
-3.341988674705629464e-02
-3.299891139337483154e-02
0.000000000000000000e+00
-1.691131422486044482e-04
-4.528186715911564531e-04
-6.397423703947819045e-04
-6.265442737670984382e-04
-8.438051173563343021e-05
1.606588740800176350e-03
5.482759804614191490e-03
1.256090130046625709e-02
0.000000000000000000e+00
4.557768702145297002e-03
9.878895945741067441e-03
1.539439663060578577e-02
2.112538568301241398e-02
2.738912056237387607e-02
3.487473476790337729e-02
4.485382173095280728e-02
5.875911824423703245e-02
0.000000000000000000e+00
9.338173224903238354e-03
2.027786287466450815e-02
3.153688067252338051e-02
4.307287980890881635e-02
5.519868397673598215e-02
6.865807359383892250e-02
8.487105614135309617e-02
1.054106838963218412e-01
0.000000000000000000e+00
1.415914067452178106e-02
3.069280626569660664e-02
4.772824600606829365e-02
6.515074738034498658e-02
8.329857702588559787e-02
1.030227337260054971e-01
1.259144106138694597e-01
1.529455944941960077e-01
0.000000000000000000e+00
1.885351138855066028e-02
4.097459389570127369e-02
6.379552434781177173e-02
8.709137254992045662e-02
1.112699201245097580e-01
1.375118450823120952e-01
1.685618747537739881e-01
2.038545266626722585e-01
0.000000000000000000e+00
-2.149980311202932814e-02
-4.351026660851237821e-02
-6.608624568451702819e-02
-8.877526135615594616e-02
-1.112046624290487229e-01
-1.329288294832157713e-01
-1.532210537399728012e-01
-1.673512642486207069e-01
0.000000000000000000e+00
-1.586765519870007857e-02
-3.240734827065310658e-02
-4.935482059231586366e-02
-6.626514857383469792e-02
-8.274473288379817493e-02
-9.821910392148507085e-02
-1.116735477757407752e-01
-1.211463406043583463e-01
0.000000000000000000e+00
-1.031077806271978557e-02
-2.142322403295129907e-02
-3.281554489323244839e-02
-4.405731172425696868e-02
-5.479199887503572591e-02
-6.449034013992754888e-02
-7.238483930453790127e-02
-7.771870079646669982e-02
0.000000000000000000e+00
-5.117825350444943355e-03
-1.075304648746413551e-02
-1.655494309009827164e-02
-2.217845750580201003e-02
-2.731376000015793906e-02
-3.148716299741298463e-02
-3.405787151454117007e-02
-3.456718028160284811e-02
0.000000000000000000e+00
-1.284386649165710815e-04
-2.919418036286705424e-04
-4.653352090260654342e-04
-4.632466367614407245e-04
-2.673937888675769471e-05
1.294273665565395630e-03
4.142065643543102818e-03
9.017408016423204137e-03
0.000000000000000000e+00
4.842247880633812444e-03
1.014578738260555821e-02
1.562371477474730139e-02
2.128996606599428340e-02
2.735465661202506060e-02
3.424852254711463484e-02
4.262456509249206577e-02
5.302906414020607667e-02
0.000000000000000000e+00
9.936073773116178842e-03
2.069378066037179387e-02
3.182387277688143029e-02
4.320885151661907342e-02
5.502005305586844114e-02
6.765773845947957443e-02
8.169859093275222417e-02
9.740831835660100635e-02
0.000000000000000000e+00
1.521160451477767198e-02
3.135575745506400530e-02
4.810447939845646087e-02
6.525429192711867943e-02
8.296612628415460378e-02
1.016664197559611210e-01
1.218827175138207375e-01
1.427929672452478149e-01
0.000000000000000000e+00
2.046102503941906944e-02
4.185810173734770545e-02
6.420455581234492393e-02
8.712076184713206384e-02
1.107854549612482115e-01
1.358802498222952404e-01
1.638805156918143602e-01
1.923175275508022530e-01
0.000000000000000000e+00
-2.231074843174798983e-02
-4.401192790172700486e-02
-6.616874126862701266e-02
-8.868490128425392249e-02
-1.112251169027801967e-01
-1.333038041253892247e-01
-1.541320309501555963e-01
-1.684025323110607819e-01
0.000000000000000000e+00
-1.663081661316070936e-02
-3.294918286967827431e-02
-4.956458133594020266e-02
-6.636083589838535912e-02
-8.299853269950438484e-02
-9.888674412483725029e-02
-1.128626205204968092e-01
-1.223526059099538099e-01
0.000000000000000000e+00
-1.082132279420487155e-02
-2.179647330251582513e-02
-3.293201130203853716e-02
-4.409720371403871159e-02
-5.499856906157644942e-02
-6.514582878960951950e-02
-7.374213210924655815e-02
-7.973050470541157009e-02
0.000000000000000000e+00
-5.318989266326059825e-03
-1.084760073308594849e-02
-1.648265362633923731e-02
-2.207530720766220575e-02
-2.739721939039124060e-02
-3.209106720869882301e-02
-3.565274694651823090e-02
-3.762877621244381521e-02
0.000000000000000000e+00
-3.959496452867626901e-05
-1.174626010465385162e-04
-2.121654584805210170e-04
-2.390524673110174252e-04
-4.127448926991792035e-05
6.332353216529384467e-04
2.121511336914962045e-03
4.650783237001270519e-03
0.000000000000000000e+00
5.206602961942780917e-03
1.056276488623208304e-02
1.601818907591773256e-02
2.157766750164270136e-02
2.732056491148287039e-02
3.339955167142834302e-02
3.999777783338683002e-02
4.712789010665484335e-02
0.000000000000000000e+00
1.059361863884454927e-02
2.135707059309081488e-02
3.233959091595143415e-02
4.351724860919282262e-02
5.490238961298687242e-02
6.653875095757653957e-02
7.836423775874505615e-02
8.982710883184107098e-02
0.000000000000000000e+00
1.619265514484680840e-02
3.228455795617956453e-02
4.874049759910670937e-02
6.557054836575926249e-02
8.275251361525390315e-02
1.002819531879725889e-01
1.178689513130409122e-01
1.335661146645840403e-01
0.000000000000000000e+00
2.175419765158428595e-02
4.303472972793333934e-02
6.495311052346952607e-02
8.747297208649111588e-02
1.105548756689266748e-01
1.343833536121117334e-01
1.594276950108357016e-01
1.819071341957970156e-01
0.000000000000000000e+00
-2.241360830159948997e-02
-4.393828692915802137e-02
-6.589884179859964441e-02
-8.840962219144858636e-02
-1.113065948208726702e-01
-1.342785713862406360e-01
-1.567626494830359485e-01
-1.732799021186931521e-01
0.000000000000000000e+00
-1.675733166628509685e-02
-3.295703509061913977e-02
-4.942599035604761104e-02
-6.624200686492595636e-02
-8.323779354084419324e-02
-9.997930372363511564e-02
-1.153900444723626323e-01
-1.266390765071538915e-01
0.000000000000000000e+00
-1.089512071542066141e-02
-2.177971072050645732e-02
-3.278922251691156198e-02
-4.397292078103116203e-02
-5.520265735490025721e-02
-6.614914092514828647e-02
-7.612588381881865707e-02
-8.395479957026082130e-02
0.000000000000000000e+00
-5.294521467331287333e-03
-1.073156055990746351e-02
-1.626382322358237500e-02
-2.187666063512940309e-02
-2.750460229787898489e-02
-3.297541245574892033e-02
-3.796386547869549238e-02
-4.203580902586678825e-02
0.000000000000000000e+00
9.553896844733891650e-05
1.196414796176372065e-04
9.911915821398277883e-05
3.183701047159188274e-05
-8.064742288229687691e-05
-2.028714809943924034e-04
-2.521076650037324773e-04
-1.431773972138904703e-04
0.000000000000000000e+00
5.450897514775425966e-03
1.091338364631132436e-02
1.640067484135847645e-02
2.187750789704655599e-02
2.727511789107650228e-02
3.249657203522558768e-02
3.739587127105459263e-02
4.173012178525652843e-02
0.000000000000000000e+00
1.094825044270647529e-02
2.181128437949015481e-02
3.276702765587004296e-02
4.379967329128552772e-02
5.477997729470531624e-02
6.546597885380182891e-02
7.538696246650197774e-02
8.362448866832528083e-02
0.000000000000000000e+00
1.665978228749381840e-02
3.283818833146891908e-02
4.920359208070057555e-02
6.582303102662923067e-02
8.253719878677487354e-02
9.901375142638152438e-02
1.144523210522337131e-01
1.264323682436214458e-01
0.000000000000000000e+00
2.231903822921729730e-02
4.368757986964287576e-02
6.548203023828977343e-02
8.776516539741621714e-02
1.103627766507709607e-01
1.330833066123341124e-01
1.557098358775048652e-01
1.738600785073786681e-01
0.000000000000000000e+00
-2.179354081609636770e-02
-4.321027491340488635e-02
-6.521139286331482932e-02
-8.790924689822476878e-02
-1.113701511598123722e-01
-1.357003436967814392e-01
-1.609164625667886261e-01
-1.817680114307343164e-01
0.000000000000000000e+00
-1.626424334260673232e-02
-3.237967354458372304e-02
-4.888133980925214034e-02
-6.586448249901027951e-02
-8.337368191012815843e-02
-1.013354880062368041e-01
-1.190834573566623006e-01
-1.339082308575869906e-01
0.000000000000000000e+00
-1.053999694264930176e-02
-2.133383729180246546e-02
-3.233796417312828630e-02
-4.363807621343745308e-02
-5.529634930716068736e-02
-6.729566266446497524e-02
-7.929409044692221908e-02
-9.024979020821831399e-02
0.000000000000000000e+00
-5.055352283844016803e-03
-1.038787727800857472e-02
-1.587189524175063732e-02
-2.154618825396714329e-02
-2.751862639337787284e-02
-3.389560255809053596e-02
-4.066283255040638311e-02
-4.752516656962550712e-02
0.000000000000000000e+00
2.363468341475388193e-04
3.786018777515657153e-04
4.401909756315710545e-04
3.512174162220038252e-04
-4.273605516054006123e-05
-9.581083305026187038e-04
-2.596575332202737379e-03
-5.003890381564671773e-03
0.000000000000000000e+00
5.494293432050913195e-03
1.108137520450848401e-02
1.666998170195586881e-02
2.214243143847018092e-02
2.729068747102093156e-02
3.179137889049991200e-02
3.524095116416464668e-02
3.728444676412500519e-02
0.000000000000000000e+00
1.088534883421679068e-02
2.186713051069928693e-02
3.292894269163510607e-02
4.395368259430732644e-02
5.468504608443380821e-02
6.467477442997462966e-02
7.321932375340628463e-02
7.932775917397626164e-02
0.000000000000000000e+00
1.648643968777059945e-02
3.276764448848112909e-02
4.923829801870229644e-02
6.584042473610904334e-02
8.228986521616772631e-02
9.804995824357988499e-02
1.120760674622568592e-01
1.219423326495555071e-01
0.000000000000000000e+00
2.204169202014146997e-02
4.351592464797849474e-02
6.543654920840862033e-02
8.772153027124188207e-02
1.100694321922305874e-01
1.320560156896067039e-01
1.530613554887233496e-01
1.686516743092383863e-01
0.000000000000000000e+00
-2.057033680590252336e-02
-4.202829659772422399e-02
-6.430622098177103674e-02
-8.732713993121463125e-02
-1.113863308848958844e-01
-1.372494036367774561e-01
-1.660917904486723662e-01
-1.934584551729444657e-01
0.000000000000000000e+00
-1.529934536838823203e-02
-3.142689532607129826e-02
-4.812774256001348117e-02
-6.536780579464059049e-02
-8.338916505876449448e-02
-1.026615216634738231e-01
-1.234106962868165569e-01
-1.435969815543582939e-01
0.000000000000000000e+00
-9.898049880823781010e-03
-2.064647554816134711e-02
-3.175044482968136100e-02
-4.321276250754995524e-02
-5.526124988654622372e-02
-6.832320372655492635e-02
-8.276956312673119931e-02
-9.810728369284368866e-02
0.000000000000000000e+00
-4.700232000908030096e-03
-9.950639175255501789e-03
-1.543570939738161951e-02
-2.117199811904683926e-02
-2.740730994345192545e-02
-3.460803737682397602e-02
-4.332583754539705290e-02
-5.367476889371037424e-02
0.000000000000000000e+00
3.380161985812569722e-04
5.854248335763804177e-04
7.276915970158404469e-04
6.623421064664677038e-04
1.172293829050247702e-04
-1.405550118906856568e-03
-4.538482084788061054e-03
-9.598887280751639342e-03
0.000000000000000000e+00
5.338625555495871144e-03
1.104477207722088031e-02
1.678037111935765449e-02
2.233906972277134584e-02
2.741768353003874031e-02
3.149175107107834298e-02
3.386122758316685577e-02
3.404364939890191372e-02
0.000000000000000000e+00
1.043497173181394573e-02
2.154025166893965698e-02
3.280626903206684819e-02
4.395814806186036650e-02
5.466175895088885156e-02
6.434716256065262097e-02
7.215299876890751696e-02
7.713587048615443142e-02
0.000000000000000000e+00
1.569668275570792679e-02
3.209069210242665449e-02
4.881817278792765363e-02
6.557992356353378738e-02
8.201369673688789497e-02
9.751421559339033818e-02
1.109758515036429471e-01
1.202543344706838990e-01
0.000000000000000000e+00
2.090694733314692189e-02
4.248538299220568082e-02
6.471419752292209560e-02
8.720237477030502726e-02
1.095626454808032307e-01
1.313000378282126179e-01
1.516206187836238450e-01
1.663999242713291304e-01
0.000000000000000000e+00
-1.907350028667798708e-02
-4.084511428328104626e-02
-6.359958176475394298e-02
-8.702305960518044725e-02
-1.115516791344404041e-01
-1.385748184089871105e-01
-1.710873921772860240e-01
-2.070679955839276332e-01
0.000000000000000000e+00
-1.422326675106313533e-02
-3.054662016302146788e-02
-4.758386410888073431e-02
-6.512684790838509097e-02
-8.352790049829539321e-02
-1.037496628831834772e-01
-1.274033965834890092e-01
-1.543126612078006277e-01
0.000000000000000000e+00
-9.292139156350942217e-03
-2.009103815506842194e-02
-3.138060427274103753e-02
-4.302454277715852399e-02
-5.532787435766586132e-02
-6.910345571376233509e-02
-8.582217177427753363e-02
-1.064272924501911688e-01
0.000000000000000000e+00
-4.419723396592446785e-03
-9.658797322117478740e-03
-1.520464679574432508e-02
-2.100581149585728155e-02
-2.736359686853260045e-02
-3.503357108032075645e-02
-4.542940922079886923e-02
-5.974338812750272509e-02
0.000000000000000000e+00
3.787134435398018147e-04
6.634329341586078224e-04
8.333214311564921678e-04
7.989303274781817208e-04
2.508730919528927099e-04
-1.505406419031541819e-03
-5.742541210747323550e-03
-1.354754992221223094e-02
0.000000000000000000e+00
5.124615599593860572e-03
1.088731674639795664e-02
1.672458616028411893e-02
2.238684050854088461e-02
2.755272376498416054e-02
3.160187998641551810e-02
3.342254721405762963e-02
3.205562777516141743e-02
0.000000000000000000e+00
9.857792308692381322e-03
2.105266595833315407e-02
3.250493511345314140e-02
4.381428855718612347e-02
5.464760189437234406e-02
6.445599977476951237e-02
7.222334954595516221e-02
7.683907831212248574e-02
0.000000000000000000e+00
1.458461095474184420e-02
3.112162815771276486e-02
4.814489144138957982e-02
6.511431384624953578e-02
8.167268978921642109e-02
9.733635953691435749e-02
1.111024948079026159e-01
1.210350237457110678e-01
0.000000000000000000e+00
1.911743454031062522e-02
4.084852373518890745e-02
6.346350010053548873e-02
8.621509549294012476e-02
1.087148417339521139e-01
1.306037445795677210e-01
1.512072372924082031e-01
1.668136179145006948e-01
0.000000000000000000e+00
-1.830697168455186138e-02
-4.039317268781996567e-02
-6.358560745666422265e-02
-8.745383599340415814e-02
-1.124663793932519362e-01
-1.400072287578744412e-01
-1.741035207803575402e-01
-2.168914570634233874e-01
0.000000000000000000e+00
-1.389876822800878431e-02
-3.040670891057694128e-02
-4.774780892859974840e-02
-6.563012843179764910e-02
-8.441918269201909020e-02
-1.051369805307229427e-01
-1.302515389785606770e-01
-1.624808258570248076e-01
0.000000000000000000e+00
-9.424840988206064155e-03
-2.016733504093924309e-02
-3.161582982577978984e-02
-4.348388736746205269e-02
-5.605657579830725795e-02
-7.017367126113832621e-02
-8.794774186868048460e-02
-1.127141706021942968e-01
0.000000000000000000e+00
-4.580743584858540038e-03
-9.806437349567308573e-03
-1.543814959066615138e-02
-2.137236713177317546e-02
-2.787794901688745233e-02
-3.570348759224710455e-02
-4.671524866781683050e-02
-6.411363844748389773e-02
0.000000000000000000e+00
3.752163450753469255e-04
5.546094175353645343e-04
6.320104630430616998e-04
5.225971291596566816e-04
-6.459015257112530619e-05
-1.791724114430208546e-03
-6.204379909151918997e-03
-1.605507414180066747e-02
0.000000000000000000e+00
5.250015213509836784e-03
1.078851294461473723e-02
1.651049378805223566e-02
2.213287252356899160e-02
2.734297321840189338e-02
3.158193505274744378e-02
3.365875457946489874e-02
3.130310081402132988e-02
0.000000000000000000e+00
9.877782935995923011e-03
2.079014906831936141e-02
3.214962259213571122e-02
4.345258046359374432e-02
5.437158754240790925e-02
6.446718742519423617e-02
7.288257467814923674e-02
7.764485260769272978e-02
0.000000000000000000e+00
1.405025502632053537e-02
3.041975307311883467e-02
4.747662456127586805e-02
6.448182723435731678e-02
8.109289482035808572e-02
9.698877081226670027e-02
1.116485774837114447e-01
1.229550452749492984e-01
0.000000000000000000e+00
1.750220419412055334e-02
3.931289241863276940e-02
6.216006828801371592e-02
8.501846095897988564e-02
1.075315308692170041e-01
1.295114599598986005e-01
1.507388379858423388e-01
1.685572573216664871e-01
