           0
   0.0003125
    0.000625
   0.0009375
     0.00125
   0.0015625
    0.001875
   0.0021875
      0.0025
   0.0028125
    0.003125
   0.0034375
     0.00375
   0.0040625
    0.004375
   0.0046875
       0.005
   0.0053125
    0.005625
   0.0059375
     0.00625
   0.0065625
    0.006875
   0.0071875
      0.0075
   0.0078125
    0.008125
   0.0084375
     0.00875
   0.0090625
    0.009375
   0.0096875
        0.01
           0
   0.0003125
    0.000625
   0.0009375
     0.00125
   0.0015625
    0.001875
   0.0021875
      0.0025
   0.0028125
    0.003125
   0.0034375
     0.00375
   0.0040625
    0.004375
   0.0046875
       0.005
   0.0053125
    0.005625
   0.0059375
     0.00625
   0.0065625
    0.006875
   0.0071875
      0.0075
   0.0078125
    0.008125
   0.0084375
     0.00875
   0.0090625
    0.009375
   0.0096875
        0.01
           0
   0.0003125
    0.000625
   0.0009375
     0.00125
   0.0015625
    0.001875
   0.0021875
      0.0025
   0.0028125
    0.003125
   0.0034375
     0.00375
   0.0040625
    0.004375
   0.0046875
       0.005
   0.0053125
    0.005625
   0.0059375
     0.00625
   0.0065625
    0.006875
   0.0071875
      0.0075
   0.0078125
    0.008125
   0.0084375
     0.00875
   0.0090625
    0.009375
   0.0096875
        0.01
           0
   0.0003125
    0.000625
   0.0009375
     0.00125
   0.0015625
    0.001875
   0.0021875
      0.0025
   0.0028125
    0.003125
   0.0034375
     0.00375
   0.0040625
    0.004375
   0.0046875
       0.005
   0.0053125
    0.005625
   0.0059375
     0.00625
   0.0065625
    0.006875
   0.0071875
      0.0075
   0.0078125
    0.008125
   0.0084375
     0.00875
   0.0090625
    0.009375
   0.0096875
        0.01
           0
   0.0003125
    0.000625
   0.0009375
     0.00125
   0.0015625
    0.001875
   0.0021875
      0.0025
   0.0028125
    0.003125
   0.0034375
     0.00375
   0.0040625
    0.004375
   0.0046875
       0.005
   0.0053125
    0.005625
   0.0059375
     0.00625
   0.0065625
    0.006875
   0.0071875
      0.0075
   0.0078125
    0.008125
   0.0084375
     0.00875
   0.0090625
    0.009375
   0.0096875
        0.01
           0
   0.0003125
    0.000625
   0.0009375
     0.00125
   0.0015625
    0.001875
   0.0021875
      0.0025
   0.0028125
    0.003125
   0.0034375
     0.00375
   0.0040625
    0.004375
   0.0046875
       0.005
   0.0053125
    0.005625
   0.0059375
     0.00625
   0.0065625
    0.006875
   0.0071875
      0.0075
   0.0078125
    0.008125
   0.0084375
     0.00875
   0.0090625
    0.009375
   0.0096875
        0.01
           0
   0.0003125
    0.000625
   0.0009375
     0.00125
   0.0015625
    0.001875
   0.0021875
      0.0025
   0.0028125
    0.003125
   0.0034375
     0.00375
   0.0040625
    0.004375
   0.0046875
       0.005
   0.0053125
    0.005625
   0.0059375
     0.00625
   0.0065625
    0.006875
   0.0071875
      0.0075
   0.0078125
    0.008125
   0.0084375
     0.00875
   0.0090625
    0.009375
   0.0096875
        0.01
           0
   0.0003125
    0.000625
   0.0009375
     0.00125
   0.0015625
    0.001875
   0.0021875
      0.0025
   0.0028125
    0.003125
   0.0034375
     0.00375
   0.0040625
    0.004375
   0.0046875
       0.005
   0.0053125
    0.005625
   0.0059375
     0.00625
   0.0065625
    0.006875
   0.0071875
      0.0075
   0.0078125
    0.008125
   0.0084375
     0.00875
   0.0090625
    0.009375
   0.0096875
        0.01
           0
   0.0003125
    0.000625
   0.0009375
     0.00125
   0.0015625
    0.001875
   0.0021875
      0.0025
   0.0028125
    0.003125
   0.0034375
     0.00375
   0.0040625
    0.004375
   0.0046875
       0.005
   0.0053125
    0.005625
   0.0059375
     0.00625
   0.0065625
    0.006875
   0.0071875
      0.0075
   0.0078125
    0.008125
   0.0084375
     0.00875
   0.0090625
    0.009375
   0.0096875
        0.01
           0
   0.0003125
    0.000625
   0.0009375
     0.00125
   0.0015625
    0.001875
   0.0021875
      0.0025
   0.0028125
    0.003125
   0.0034375
     0.00375
   0.0040625
    0.004375
   0.0046875
       0.005
   0.0053125
    0.005625
   0.0059375
     0.00625
   0.0065625
    0.006875
   0.0071875
      0.0075
   0.0078125
    0.008125
   0.0084375
     0.00875
   0.0090625
    0.009375
   0.0096875
        0.01
           0
   0.0003125
    0.000625
   0.0009375
     0.00125
   0.0015625
    0.001875
   0.0021875
      0.0025
   0.0028125
    0.003125
   0.0034375
     0.00375
   0.0040625
    0.004375
   0.0046875
       0.005
   0.0053125
    0.005625
   0.0059375
     0.00625
   0.0065625
    0.006875
   0.0071875
      0.0075
   0.0078125
    0.008125
   0.0084375
     0.00875
   0.0090625
    0.009375
   0.0096875
        0.01
           0
   0.0003125
    0.000625
   0.0009375
     0.00125
   0.0015625
    0.001875
   0.0021875
      0.0025
   0.0028125
    0.003125
   0.0034375
     0.00375
   0.0040625
    0.004375
   0.0046875
       0.005
   0.0053125
    0.005625
   0.0059375
     0.00625
   0.0065625
    0.006875
   0.0071875
      0.0075
   0.0078125
    0.008125
   0.0084375
     0.00875
   0.0090625
    0.009375
   0.0096875
        0.01
           0
   0.0003125
    0.000625
   0.0009375
     0.00125
   0.0015625
    0.001875
   0.0021875
      0.0025
   0.0028125
    0.003125
   0.0034375
     0.00375
   0.0040625
    0.004375
   0.0046875
       0.005
   0.0053125
    0.005625
   0.0059375
     0.00625
   0.0065625
    0.006875
   0.0071875
      0.0075
   0.0078125
    0.008125
   0.0084375
     0.00875
   0.0090625
    0.009375
   0.0096875
        0.01
           0
   0.0003125
    0.000625
   0.0009375
     0.00125
   0.0015625
    0.001875
   0.0021875
      0.0025
   0.0028125
    0.003125
   0.0034375
     0.00375
   0.0040625
    0.004375
   0.0046875
       0.005
   0.0053125
    0.005625
   0.0059375
     0.00625
   0.0065625
    0.006875
   0.0071875
      0.0075
   0.0078125
    0.008125
   0.0084375
     0.00875
   0.0090625
    0.009375
   0.0096875
        0.01
           0
   0.0003125
    0.000625
   0.0009375
     0.00125
   0.0015625
    0.001875
   0.0021875
      0.0025
   0.0028125
    0.003125
   0.0034375
     0.00375
   0.0040625
    0.004375
   0.0046875
       0.005
   0.0053125
    0.005625
   0.0059375
     0.00625
   0.0065625
    0.006875
   0.0071875
      0.0075
   0.0078125
    0.008125
   0.0084375
     0.00875
   0.0090625
    0.009375
   0.0096875
        0.01
           0
   0.0003125
    0.000625
   0.0009375
     0.00125
   0.0015625
    0.001875
   0.0021875
      0.0025
   0.0028125
    0.003125
   0.0034375
     0.00375
   0.0040625
    0.004375
   0.0046875
       0.005
   0.0053125
    0.005625
   0.0059375
     0.00625
   0.0065625
    0.006875
   0.0071875
      0.0075
   0.0078125
    0.008125
   0.0084375
     0.00875
   0.0090625
    0.009375
   0.0096875
        0.01
           0
   0.0003125
    0.000625
   0.0009375
     0.00125
   0.0015625
    0.001875
   0.0021875
      0.0025
   0.0028125
    0.003125
   0.0034375
     0.00375
   0.0040625
    0.004375
   0.0046875
       0.005
   0.0053125
    0.005625
   0.0059375
     0.00625
   0.0065625
    0.006875
   0.0071875
      0.0075
   0.0078125
    0.008125
   0.0084375
     0.00875
   0.0090625
    0.009375
   0.0096875
        0.01
           0
   0.0003125
    0.000625
   0.0009375
     0.00125
   0.0015625
    0.001875
   0.0021875
      0.0025
   0.0028125
    0.003125
   0.0034375
     0.00375
   0.0040625
    0.004375
   0.0046875
       0.005
   0.0053125
    0.005625
   0.0059375
     0.00625
   0.0065625
    0.006875
   0.0071875
      0.0075
   0.0078125
    0.008125
   0.0084375
     0.00875
   0.0090625
    0.009375
   0.0096875
        0.01
           0
   0.0003125
    0.000625
   0.0009375
     0.00125
   0.0015625
    0.001875
   0.0021875
      0.0025
   0.0028125
    0.003125
   0.0034375
     0.00375
   0.0040625
    0.004375
   0.0046875
       0.005
   0.0053125
    0.005625
   0.0059375
     0.00625
   0.0065625
    0.006875
   0.0071875
      0.0075
   0.0078125
    0.008125
   0.0084375
     0.00875
   0.0090625
    0.009375
   0.0096875
        0.01
           0
   0.0003125
    0.000625
   0.0009375
     0.00125
   0.0015625
    0.001875
   0.0021875
      0.0025
   0.0028125
    0.003125
   0.0034375
     0.00375
   0.0040625
    0.004375
   0.0046875
       0.005
   0.0053125
    0.005625
   0.0059375
     0.00625
   0.0065625
    0.006875
   0.0071875
      0.0075
   0.0078125
    0.008125
   0.0084375
     0.00875
   0.0090625
    0.009375
   0.0096875
        0.01
           0
   0.0003125
    0.000625
   0.0009375
     0.00125
   0.0015625
    0.001875
   0.0021875
      0.0025
   0.0028125
    0.003125
   0.0034375
     0.00375
   0.0040625
    0.004375
   0.0046875
       0.005
   0.0053125
    0.005625
   0.0059375
     0.00625
   0.0065625
    0.006875
   0.0071875
      0.0075
   0.0078125
    0.008125
   0.0084375
     0.00875
   0.0090625
    0.009375
   0.0096875
        0.01
           0
   0.0003125
    0.000625
   0.0009375
     0.00125
   0.0015625
    0.001875
   0.0021875
      0.0025
   0.0028125
    0.003125
   0.0034375
     0.00375
   0.0040625
    0.004375
   0.0046875
       0.005
   0.0053125
    0.005625
   0.0059375
     0.00625
   0.0065625
    0.006875
   0.0071875
      0.0075
   0.0078125
    0.008125
   0.0084375
     0.00875
   0.0090625
    0.009375
   0.0096875
        0.01
           0
   0.0003125
    0.000625
   0.0009375
     0.00125
   0.0015625
    0.001875
   0.0021875
      0.0025
   0.0028125
    0.003125
   0.0034375
     0.00375
   0.0040625
    0.004375
   0.0046875
       0.005
   0.0053125
    0.005625
   0.0059375
     0.00625
   0.0065625
    0.006875
   0.0071875
      0.0075
   0.0078125
    0.008125
   0.0084375
     0.00875
   0.0090625
    0.009375
   0.0096875
        0.01
           0
   0.0003125
    0.000625
   0.0009375
     0.00125
   0.0015625
    0.001875
   0.0021875
      0.0025
   0.0028125
    0.003125
   0.0034375
     0.00375
   0.0040625
    0.004375
   0.0046875
       0.005
   0.0053125
    0.005625
   0.0059375
     0.00625
   0.0065625
    0.006875
   0.0071875
      0.0075
   0.0078125
    0.008125
   0.0084375
     0.00875
   0.0090625
    0.009375
   0.0096875
        0.01
           0
   0.0003125
    0.000625
   0.0009375
     0.00125
   0.0015625
    0.001875
   0.0021875
      0.0025
   0.0028125
    0.003125
   0.0034375
     0.00375
   0.0040625
    0.004375
   0.0046875
       0.005
   0.0053125
    0.005625
   0.0059375
     0.00625
   0.0065625
    0.006875
   0.0071875
      0.0075
   0.0078125
    0.008125
   0.0084375
     0.00875
   0.0090625
    0.009375
   0.0096875
        0.01
           0
   0.0003125
    0.000625
   0.0009375
     0.00125
   0.0015625
    0.001875
   0.0021875
      0.0025
   0.0028125
    0.003125
   0.0034375
     0.00375
   0.0040625
    0.004375
   0.0046875
       0.005
   0.0053125
    0.005625
   0.0059375
     0.00625
   0.0065625
    0.006875
   0.0071875
      0.0075
   0.0078125
    0.008125
   0.0084375
     0.00875
   0.0090625
    0.009375
   0.0096875
        0.01
           0
   0.0003125
    0.000625
   0.0009375
     0.00125
   0.0015625
    0.001875
   0.0021875
      0.0025
   0.0028125
    0.003125
   0.0034375
     0.00375
   0.0040625
    0.004375
   0.0046875
       0.005
   0.0053125
    0.005625
   0.0059375
     0.00625
   0.0065625
    0.006875
   0.0071875
      0.0075
   0.0078125
    0.008125
   0.0084375
     0.00875
   0.0090625
    0.009375
   0.0096875
        0.01
           0
   0.0003125
    0.000625
   0.0009375
     0.00125
   0.0015625
    0.001875
   0.0021875
      0.0025
   0.0028125
    0.003125
   0.0034375
     0.00375
   0.0040625
    0.004375
   0.0046875
       0.005
   0.0053125
    0.005625
   0.0059375
     0.00625
   0.0065625
    0.006875
   0.0071875
      0.0075
   0.0078125
    0.008125
   0.0084375
     0.00875
   0.0090625
    0.009375
   0.0096875
        0.01
           0
   0.0003125
    0.000625
   0.0009375
     0.00125
   0.0015625
    0.001875
   0.0021875
      0.0025
   0.0028125
    0.003125
   0.0034375
     0.00375
   0.0040625
    0.004375
   0.0046875
       0.005
   0.0053125
    0.005625
   0.0059375
     0.00625
   0.0065625
    0.006875
   0.0071875
      0.0075
   0.0078125
    0.008125
   0.0084375
     0.00875
   0.0090625
    0.009375
   0.0096875
        0.01
           0
   0.0003125
    0.000625
   0.0009375
     0.00125
   0.0015625
    0.001875
   0.0021875
      0.0025
   0.0028125
    0.003125
   0.0034375
     0.00375
   0.0040625
    0.004375
   0.0046875
       0.005
   0.0053125
    0.005625
   0.0059375
     0.00625
   0.0065625
    0.006875
   0.0071875
      0.0075
   0.0078125
    0.008125
   0.0084375
     0.00875
   0.0090625
    0.009375
   0.0096875
        0.01
           0
   0.0003125
    0.000625
   0.0009375
     0.00125
   0.0015625
    0.001875
   0.0021875
      0.0025
   0.0028125
    0.003125
   0.0034375
     0.00375
   0.0040625
    0.004375
   0.0046875
       0.005
   0.0053125
    0.005625
   0.0059375
     0.00625
   0.0065625
    0.006875
   0.0071875
      0.0075
   0.0078125
    0.008125
   0.0084375
     0.00875
   0.0090625
    0.009375
   0.0096875
        0.01
           0
   0.0003125
    0.000625
   0.0009375
     0.00125
   0.0015625
    0.001875
   0.0021875
      0.0025
   0.0028125
    0.003125
   0.0034375
     0.00375
   0.0040625
    0.004375
   0.0046875
       0.005
   0.0053125
    0.005625
   0.0059375
     0.00625
   0.0065625
    0.006875
   0.0071875
      0.0075
   0.0078125
    0.008125
   0.0084375
     0.00875
   0.0090625
    0.009375
   0.0096875
        0.01
           0
   0.0003125
    0.000625
   0.0009375
     0.00125
   0.0015625
    0.001875
   0.0021875
      0.0025
   0.0028125
    0.003125
   0.0034375
     0.00375
   0.0040625
    0.004375
   0.0046875
       0.005
   0.0053125
    0.005625
   0.0059375
     0.00625
   0.0065625
    0.006875
   0.0071875
      0.0075
   0.0078125
    0.008125
   0.0084375
     0.00875
   0.0090625
    0.009375
   0.0096875
        0.01
  0.00223549
  0.00223549
  0.00223549
  0.00223549
  0.00223549
  0.00223549
  0.00223549
  0.00223549
  0.00223549
  0.00223549
  0.00223549
  0.00223549
  0.00223549
  0.00223549
  0.00223549
  0.00223549
  0.00223549
  0.00223549
  0.00223549
  0.00223549
  0.00223549
  0.00223549
  0.00223549
  0.00223549
  0.00223549
  0.00223549
  0.00223549
  0.00223549
  0.00223549
  0.00223549
  0.00223549
  0.00223549
  0.00223549
  0.00210163
  0.00210163
  0.00210163
  0.00210163
  0.00210163
  0.00210163
  0.00210163
  0.00210163
  0.00210163
  0.00210163
  0.00210163
  0.00210163
  0.00210163
  0.00210163
  0.00210163
  0.00210163
  0.00210163
  0.00210163
  0.00210163
  0.00210163
  0.00210163
  0.00210163
  0.00210163
  0.00210163
  0.00210163
  0.00210163
  0.00210163
  0.00210163
  0.00210163
  0.00210163
  0.00210163
  0.00210163
  0.00210163
  0.00196777
  0.00196777
  0.00196777
  0.00196777
  0.00196777
  0.00196777
  0.00196777
  0.00196777
  0.00196777
  0.00196777
  0.00196777
  0.00196777
  0.00196777
  0.00196777
  0.00196777
  0.00196777
  0.00196777
  0.00196777
  0.00196777
  0.00196777
  0.00196777
  0.00196777
  0.00196777
  0.00196777
  0.00196777
  0.00196777
  0.00196777
  0.00196777
  0.00196777
  0.00196777
  0.00196777
  0.00196777
  0.00196777
   0.0018339
   0.0018339
   0.0018339
   0.0018339
   0.0018339
   0.0018339
   0.0018339
   0.0018339
   0.0018339
   0.0018339
   0.0018339
   0.0018339
   0.0018339
   0.0018339
   0.0018339
   0.0018339
   0.0018339
   0.0018339
   0.0018339
   0.0018339
   0.0018339
   0.0018339
   0.0018339
   0.0018339
   0.0018339
   0.0018339
   0.0018339
   0.0018339
   0.0018339
   0.0018339
   0.0018339
   0.0018339
   0.0018339
  0.00170004
  0.00170004
  0.00170004
  0.00170004
  0.00170004
  0.00170004
  0.00170004
  0.00170004
  0.00170004
  0.00170004
  0.00170004
  0.00170004
  0.00170004
  0.00170004
  0.00170004
  0.00170004
  0.00170004
  0.00170004
  0.00170004
  0.00170004
  0.00170004
  0.00170004
  0.00170004
  0.00170004
  0.00170004
  0.00170004
  0.00170004
  0.00170004
  0.00170004
  0.00170004
  0.00170004
  0.00170004
  0.00170004
  0.00156618
  0.00156618
  0.00156618
  0.00156618
  0.00156618
  0.00156618
  0.00156618
  0.00156618
  0.00156618
  0.00156618
  0.00156618
  0.00156618
  0.00156618
  0.00156618
  0.00156618
  0.00156618
  0.00156618
  0.00156618
  0.00156618
  0.00156618
  0.00156618
  0.00156618
  0.00156618
  0.00156618
  0.00156618
  0.00156618
  0.00156618
  0.00156618
  0.00156618
  0.00156618
  0.00156618
  0.00156618
  0.00156618
  0.00143232
  0.00143232
  0.00143232
  0.00143232
  0.00143232
  0.00143232
  0.00143232
  0.00143232
  0.00143232
  0.00143232
  0.00143232
  0.00143232
  0.00143232
  0.00143232
  0.00143232
  0.00143232
  0.00143232
  0.00143232
  0.00143232
  0.00143232
  0.00143232
  0.00143232
  0.00143232
  0.00143232
  0.00143232
  0.00143232
  0.00143232
  0.00143232
  0.00143232
  0.00143232
  0.00143232
  0.00143232
  0.00143232
  0.00129845
  0.00129845
  0.00129845
  0.00129845
  0.00129845
  0.00129845
  0.00129845
  0.00129845
  0.00129845
  0.00129845
  0.00129845
  0.00129845
  0.00129845
  0.00129845
  0.00129845
  0.00129845
  0.00129845
  0.00129845
  0.00129845
  0.00129845
  0.00129845
  0.00129845
  0.00129845
  0.00129845
  0.00129845
  0.00129845
  0.00129845
  0.00129845
  0.00129845
  0.00129845
  0.00129845
  0.00129845
  0.00129845
  0.00116459
  0.00116459
  0.00116459
  0.00116459
  0.00116459
  0.00116459
  0.00116459
  0.00116459
  0.00116459
  0.00116459
  0.00116459
  0.00116459
  0.00116459
  0.00116459
  0.00116459
  0.00116459
  0.00116459
  0.00116459
  0.00116459
  0.00116459
  0.00116459
  0.00116459
  0.00116459
  0.00116459
  0.00116459
  0.00116459
  0.00116459
  0.00116459
  0.00116459
  0.00116459
  0.00116459
  0.00116459
  0.00116459
  0.00103073
  0.00103073
  0.00103073
  0.00103073
  0.00103073
  0.00103073
  0.00103073
  0.00103073
  0.00103073
  0.00103073
  0.00103073
  0.00103073
  0.00103073
  0.00103073
  0.00103073
  0.00103073
  0.00103073
  0.00103073
  0.00103073
  0.00103073
  0.00103073
  0.00103073
  0.00103073
  0.00103073
  0.00103073
  0.00103073
  0.00103073
  0.00103073
  0.00103073
  0.00103073
  0.00103073
  0.00103073
  0.00103073
 0.000896868
 0.000896868
 0.000896868
 0.000896868
 0.000896868
 0.000896868
 0.000896868
 0.000896868
 0.000896868
 0.000896868
 0.000896868
 0.000896868
 0.000896868
 0.000896868
 0.000896868
 0.000896868
 0.000896868
 0.000896868
 0.000896868
 0.000896868
 0.000896868
 0.000896868
 0.000896868
 0.000896868
 0.000896868
 0.000896868
 0.000896868
 0.000896868
 0.000896868
 0.000896868
 0.000896868
 0.000896868
 0.000896868
 0.000763005
 0.000763005
 0.000763005
 0.000763005
 0.000763005
 0.000763005
 0.000763005
 0.000763005
 0.000763005
 0.000763005
 0.000763005
 0.000763005
 0.000763005
 0.000763005
 0.000763005
 0.000763005
 0.000763005
 0.000763005
 0.000763005
 0.000763005
 0.000763005
 0.000763005
 0.000763005
 0.000763005
 0.000763005
 0.000763005
 0.000763005
 0.000763005
 0.000763005
 0.000763005
 0.000763005
 0.000763005
 0.000763005
 0.000629143
 0.000629143
 0.000629143
 0.000629143
 0.000629143
 0.000629143
 0.000629143
 0.000629143
 0.000629143
 0.000629143
 0.000629143
 0.000629143
 0.000629143
 0.000629143
 0.000629143
 0.000629143
 0.000629143
 0.000629143
 0.000629143
 0.000629143
 0.000629143
 0.000629143
 0.000629143
 0.000629143
 0.000629143
 0.000629143
 0.000629143
 0.000629143
 0.000629143
 0.000629143
 0.000629143
 0.000629143
 0.000629143
 0.000495281
 0.000495281
 0.000495281
 0.000495281
 0.000495281
 0.000495281
 0.000495281
 0.000495281
 0.000495281
 0.000495281
 0.000495281
 0.000495281
 0.000495281
 0.000495281
 0.000495281
 0.000495281
 0.000495281
 0.000495281
 0.000495281
 0.000495281
 0.000495281
 0.000495281
 0.000495281
 0.000495281
 0.000495281
 0.000495281
 0.000495281
 0.000495281
 0.000495281
 0.000495281
 0.000495281
 0.000495281
 0.000495281
 0.000361419
 0.000361419
 0.000361419
 0.000361419
 0.000361419
 0.000361419
 0.000361419
 0.000361419
 0.000361419
 0.000361419
 0.000361419
 0.000361419
 0.000361419
 0.000361419
 0.000361419
 0.000361419
 0.000361419
 0.000361419
 0.000361419
 0.000361419
 0.000361419
 0.000361419
 0.000361419
 0.000361419
 0.000361419
 0.000361419
 0.000361419
 0.000361419
 0.000361419
 0.000361419
 0.000361419
 0.000361419
 0.000361419
 0.000227556
 0.000227556
 0.000227556
 0.000227556
 0.000227556
 0.000227556
 0.000227556
 0.000227556
 0.000227556
 0.000227556
 0.000227556
 0.000227556
 0.000227556
 0.000227556
 0.000227556
 0.000227556
 0.000227556
 0.000227556
 0.000227556
 0.000227556
 0.000227556
 0.000227556
 0.000227556
 0.000227556
 0.000227556
 0.000227556
 0.000227556
 0.000227556
 0.000227556
 0.000227556
 0.000227556
 0.000227556
 0.000227556
  9.3694E-05
  9.3694E-05
  9.3694E-05
  9.3694E-05
  9.3694E-05
  9.3694E-05
  9.3694E-05
  9.3694E-05
  9.3694E-05
  9.3694E-05
  9.3694E-05
  9.3694E-05
  9.3694E-05
  9.3694E-05
  9.3694E-05
  9.3694E-05
  9.3694E-05
  9.3694E-05
  9.3694E-05
  9.3694E-05
  9.3694E-05
  9.3694E-05
  9.3694E-05
  9.3694E-05
  9.3694E-05
  9.3694E-05
  9.3694E-05
  9.3694E-05
  9.3694E-05
  9.3694E-05
  9.3694E-05
  9.3694E-05
  9.3694E-05
-4.01683E-05
-4.01683E-05
-4.01683E-05
-4.01683E-05
-4.01683E-05
-4.01683E-05
-4.01683E-05
-4.01683E-05
-4.01683E-05
-4.01683E-05
-4.01683E-05
-4.01683E-05
-4.01683E-05
-4.01683E-05
-4.01683E-05
-4.01683E-05
-4.01683E-05
-4.01683E-05
-4.01683E-05
-4.01683E-05
-4.01683E-05
-4.01683E-05
-4.01683E-05
-4.01683E-05
-4.01683E-05
-4.01683E-05
-4.01683E-05
-4.01683E-05
-4.01683E-05
-4.01683E-05
-4.01683E-05
-4.01683E-05
-4.01683E-05
-0.000174031
-0.000174031
-0.000174031
-0.000174031
-0.000174031
-0.000174031
-0.000174031
-0.000174031
-0.000174031
-0.000174031
-0.000174031
-0.000174031
-0.000174031
-0.000174031
-0.000174031
-0.000174031
-0.000174031
-0.000174031
-0.000174031
-0.000174031
-0.000174031
-0.000174031
-0.000174031
-0.000174031
-0.000174031
-0.000174031
-0.000174031
-0.000174031
-0.000174031
-0.000174031
-0.000174031
-0.000174031
-0.000174031
-0.000307893
-0.000307893
-0.000307893
-0.000307893
-0.000307893
-0.000307893
-0.000307893
-0.000307893
-0.000307893
-0.000307893
-0.000307893
-0.000307893
-0.000307893
-0.000307893
-0.000307893
-0.000307893
-0.000307893
-0.000307893
-0.000307893
-0.000307893
-0.000307893
-0.000307893
-0.000307893
-0.000307893
-0.000307893
-0.000307893
-0.000307893
-0.000307893
-0.000307893
-0.000307893
-0.000307893
-0.000307893
-0.000307893
-0.000441755
-0.000441755
-0.000441755
-0.000441755
-0.000441755
-0.000441755
-0.000441755
-0.000441755
-0.000441755
-0.000441755
-0.000441755
-0.000441755
-0.000441755
-0.000441755
-0.000441755
-0.000441755
-0.000441755
-0.000441755
-0.000441755
-0.000441755
-0.000441755
-0.000441755
-0.000441755
-0.000441755
-0.000441755
-0.000441755
-0.000441755
-0.000441755
-0.000441755
-0.000441755
-0.000441755
-0.000441755
-0.000441755
-0.000575617
-0.000575617
-0.000575617
-0.000575617
-0.000575617
-0.000575617
-0.000575617
-0.000575617
-0.000575617
-0.000575617
-0.000575617
-0.000575617
-0.000575617
-0.000575617
-0.000575617
-0.000575617
-0.000575617
-0.000575617
-0.000575617
-0.000575617
-0.000575617
-0.000575617
-0.000575617
-0.000575617
-0.000575617
-0.000575617
-0.000575617
-0.000575617
-0.000575617
-0.000575617
-0.000575617
-0.000575617
-0.000575617
 -0.00070948
 -0.00070948
 -0.00070948
 -0.00070948
 -0.00070948
 -0.00070948
 -0.00070948
 -0.00070948
 -0.00070948
 -0.00070948
 -0.00070948
 -0.00070948
 -0.00070948
 -0.00070948
 -0.00070948
 -0.00070948
 -0.00070948
 -0.00070948
 -0.00070948
 -0.00070948
 -0.00070948
 -0.00070948
 -0.00070948
 -0.00070948
 -0.00070948
 -0.00070948
 -0.00070948
 -0.00070948
 -0.00070948
 -0.00070948
 -0.00070948
 -0.00070948
 -0.00070948
-0.000843342
-0.000843342
-0.000843342
-0.000843342
-0.000843342
-0.000843342
-0.000843342
-0.000843342
-0.000843342
-0.000843342
-0.000843342
-0.000843342
-0.000843342
-0.000843342
-0.000843342
-0.000843342
-0.000843342
-0.000843342
-0.000843342
-0.000843342
-0.000843342
-0.000843342
-0.000843342
-0.000843342
-0.000843342
-0.000843342
-0.000843342
-0.000843342
-0.000843342
-0.000843342
-0.000843342
-0.000843342
-0.000843342
-0.000977204
-0.000977204
-0.000977204
-0.000977204
-0.000977204
-0.000977204
-0.000977204
-0.000977204
-0.000977204
-0.000977204
-0.000977204
-0.000977204
-0.000977204
-0.000977204
-0.000977204
-0.000977204
-0.000977204
-0.000977204
-0.000977204
-0.000977204
-0.000977204
-0.000977204
-0.000977204
-0.000977204
-0.000977204
-0.000977204
-0.000977204
-0.000977204
-0.000977204
-0.000977204
-0.000977204
-0.000977204
-0.000977204
 -0.00111107
 -0.00111107
 -0.00111107
 -0.00111107
 -0.00111107
 -0.00111107
 -0.00111107
 -0.00111107
 -0.00111107
 -0.00111107
 -0.00111107
 -0.00111107
 -0.00111107
 -0.00111107
 -0.00111107
 -0.00111107
 -0.00111107
 -0.00111107
 -0.00111107
 -0.00111107
 -0.00111107
 -0.00111107
 -0.00111107
 -0.00111107
 -0.00111107
 -0.00111107
 -0.00111107
 -0.00111107
 -0.00111107
 -0.00111107
 -0.00111107
 -0.00111107
 -0.00111107
 -0.00124493
 -0.00124493
 -0.00124493
 -0.00124493
 -0.00124493
 -0.00124493
 -0.00124493
 -0.00124493
 -0.00124493
 -0.00124493
 -0.00124493
 -0.00124493
 -0.00124493
 -0.00124493
 -0.00124493
 -0.00124493
 -0.00124493
 -0.00124493
 -0.00124493
 -0.00124493
 -0.00124493
 -0.00124493
 -0.00124493
 -0.00124493
 -0.00124493
 -0.00124493
 -0.00124493
 -0.00124493
 -0.00124493
 -0.00124493
 -0.00124493
 -0.00124493
 -0.00124493
 -0.00137879
 -0.00137879
 -0.00137879
 -0.00137879
 -0.00137879
 -0.00137879
 -0.00137879
 -0.00137879
 -0.00137879
 -0.00137879
 -0.00137879
 -0.00137879
 -0.00137879
 -0.00137879
 -0.00137879
 -0.00137879
 -0.00137879
 -0.00137879
 -0.00137879
 -0.00137879
 -0.00137879
 -0.00137879
 -0.00137879
 -0.00137879
 -0.00137879
 -0.00137879
 -0.00137879
 -0.00137879
 -0.00137879
 -0.00137879
 -0.00137879
 -0.00137879
 -0.00137879
 -0.00151265
 -0.00151265
 -0.00151265
 -0.00151265
 -0.00151265
 -0.00151265
 -0.00151265
 -0.00151265
 -0.00151265
 -0.00151265
 -0.00151265
 -0.00151265
 -0.00151265
 -0.00151265
 -0.00151265
 -0.00151265
 -0.00151265
 -0.00151265
 -0.00151265
 -0.00151265
 -0.00151265
 -0.00151265
 -0.00151265
 -0.00151265
 -0.00151265
 -0.00151265
 -0.00151265
 -0.00151265
 -0.00151265
 -0.00151265
 -0.00151265
 -0.00151265
 -0.00151265
 -0.00164652
 -0.00164652
 -0.00164652
 -0.00164652
 -0.00164652
 -0.00164652
 -0.00164652
 -0.00164652
 -0.00164652
 -0.00164652
 -0.00164652
 -0.00164652
 -0.00164652
 -0.00164652
 -0.00164652
 -0.00164652
 -0.00164652
 -0.00164652
 -0.00164652
 -0.00164652
 -0.00164652
 -0.00164652
 -0.00164652
 -0.00164652
 -0.00164652
 -0.00164652
 -0.00164652
 -0.00164652
 -0.00164652
 -0.00164652
 -0.00164652
 -0.00164652
 -0.00164652
 -0.00178038
 -0.00178038
 -0.00178038
 -0.00178038
 -0.00178038
 -0.00178038
 -0.00178038
 -0.00178038
 -0.00178038
 -0.00178038
 -0.00178038
 -0.00178038
 -0.00178038
 -0.00178038
 -0.00178038
 -0.00178038
 -0.00178038
 -0.00178038
 -0.00178038
 -0.00178038
 -0.00178038
 -0.00178038
 -0.00178038
 -0.00178038
 -0.00178038
 -0.00178038
 -0.00178038
 -0.00178038
 -0.00178038
 -0.00178038
 -0.00178038
 -0.00178038
 -0.00178038
 -0.00191424
 -0.00191424
 -0.00191424
 -0.00191424
 -0.00191424
 -0.00191424
 -0.00191424
 -0.00191424
 -0.00191424
 -0.00191424
 -0.00191424
 -0.00191424
 -0.00191424
 -0.00191424
 -0.00191424
 -0.00191424
 -0.00191424
 -0.00191424
 -0.00191424
 -0.00191424
 -0.00191424
 -0.00191424
 -0.00191424
 -0.00191424
 -0.00191424
 -0.00191424
 -0.00191424
 -0.00191424
 -0.00191424
 -0.00191424
 -0.00191424
 -0.00191424
 -0.00191424
  -0.0020481
  -0.0020481
  -0.0020481
  -0.0020481
  -0.0020481
  -0.0020481
  -0.0020481
  -0.0020481
  -0.0020481
  -0.0020481
  -0.0020481
  -0.0020481
  -0.0020481
  -0.0020481
  -0.0020481
  -0.0020481
  -0.0020481
  -0.0020481
  -0.0020481
  -0.0020481
  -0.0020481
  -0.0020481
  -0.0020481
  -0.0020481
  -0.0020481
  -0.0020481
  -0.0020481
  -0.0020481
  -0.0020481
  -0.0020481
  -0.0020481
  -0.0020481
  -0.0020481
